100 100000000 1 18.68217608
100 100000000 2 9.84627429
100 100000000 3 9.56559933
100 100000000 4 7.7676786
100 100000000 5 6.99234983
100 100000000 6 5.42878151
100 100000000 7 5.39384338
100 100000000 8 5.01709251
100 100000000 9 4.62642139
100 100000000 10 4.2350287
100 100000000 11 4.0200532
100 100000000 12 3.76244454
100 100000000 13 3.61234406
100 100000000 14 3.48581908
100 100000000 15 3.43638127
100 100000000 16 3.42902692
100 100000000 17 3.20235759
100 100000000 18 3.14187368
100 100000000 19 3.10462618
100 100000000 20 3.07425174
100 100000000 21 3.05644449
100 100000000 22 3.04486396
100 100000000 23 3.01912689
100 100000000 24 3.01079581
100 100000000 25 2.9991439
100 100000000 26 2.99266392
100 100000000 27 2.98085991
100 100000000 28 2.97841136
100 100000000 29 2.97427796
100 100000000 30 2.97214148
100 100000000 31 2.96412675
100 100000000 32 2.97091452
100 100000000 33 2.96173412
100 100000000 34 2.95553527
100 100000000 35 2.95804118
100 100000000 36 2.95197737
100 100000000 37 2.95420353
100 100000000 38 2.95304379
100 100000000 39 2.95537093
100 100000000 40 2.95430841
100 100000000 41 2.95704614
100 100000000 42 2.95762582
100 100000000 43 2.95236977
100 100000000 44 2.96203329
100 100000000 45 2.95396965
100 100000000 46 2.95576494
100 100000000 47 2.95316306
100 100000000 48 2.95562784
100 100000000 49 2.95561574
100 100000000 50 2.95564273
100 100000000 60 2.9647064
100 100000000 70 2.97167444
100 100000000 80 2.98287496
100 100000000 90 2.98121727
100 100000000 100 2.99463588
